[38;2;0;0;0m[48;2;0;0;0m▀[38;2;0;0;0m[48;2;0;0;0m▀[38;2;0;0;0m[48;2;0;0;0m▀[38;2;0;0;0m[48;2;0;0;0m▀[38;2;0;0;0m[48;2;0;0;0m▀[38;2;0;0;0m[48;2;0;0;0m▀[38;2;0;0;0m[48;2;0;0;0m▀[38;2;0;0;0m[48;2;0;0;0m▀[38;2;0;0;0m[48;2;154;75;11m▀[38;2;0;0;0m[48;2;154;75;11m▀[38;2;0;0;0m[48;2;154;75;11m▀[38;2;0;0;0m[48;2;154;75;11m▀[38;2;0;0;0m[48;2;154;75;11m▀[38;2;0;0;0m[48;2;154;75;11m▀[38;2;0;0;0m[48;2;154;75;11m▀[38;2;0;0;0m[48;2;154;75;11m▀[38;2;0;0;0m[48;2;154;75;11m▀[38;2;0;0;0m[48;2;0;0;0m▀[38;2;0;0;0m[48;2;0;0;0m▀[38;2;0;0;0m[48;2;0;0;0m▀[38;2;0;0;0m[48;2;0;0;0m▀[38;2;0;0;0m[48;2;0;0;0m▀[38;2;0;0;0m[48;2;0;0;0m▀[38;2;0;0;0m[48;2;0;0;0m▀[38;2;0;0;0m[48;2;0;0;0m▀[38;2;0;0;0m[48;2;0;0;0m▀[38;2;0;0;0m[48;2;0;0;0m▀[38;2;0;0;0m[48;2;0;0;0m▀[0m
[38;2;0;0;0m[48;2;0;0;0m▀[38;2;0;0;0m[48;2;0;0;0m▀[38;2;0;0;0m[48;2;0;0;0m▀[38;2;0;0;0m[48;2;0;0;0m▀[38;2;0;0;0m[48;2;0;0;0m▀[38;2;0;0;0m[48;2;0;0;0m▀[38;2;0;0;0m[48;2;0;0;0m▀[38;2;0;0;0m[48;2;154;75;11m▀[38;2;154;75;11m[48;2;154;75;11m▀[38;2;154;75;11m[48;2;154;75;11m▀[38;2;154;75;11m[48;2;154;75;11m▀[38;2;154;75;11m[48;2;154;75;11m▀[38;2;154;75;11m[48;2;154;75;11m▀[38;2;154;75;11m[48;2;154;75;11m▀[38;2;154;75;11m[48;2;154;75;11m▀[38;2;154;75;11m[48;2;154;75;11m▀[38;2;154;75;11m[48;2;154;75;11m▀[38;2;0;0;0m[48;2;154;75;11m▀[38;2;0;0;0m[48;2;0;0;0m▀[38;2;0;0;0m[48;2;0;0;0m▀[38;2;0;0;0m[48;2;0;0;0m▀[38;2;0;0;0m[48;2;0;0;0m▀[38;2;0;0;0m[48;2;0;0;0m▀[38;2;0;0;0m[48;2;0;0;0m▀[38;2;0;0;0m[48;2;0;0;0m▀[38;2;0;0;0m[48;2;0;0;0m▀[38;2;0;0;0m[48;2;0;0;0m▀[38;2;0;0;0m[48;2;0;0;0m▀[0m
[38;2;0;0;0m[48;2;0;0;0m▀[38;2;0;0;0m[48;2;0;0;0m▀[38;2;0;0;0m[48;2;0;0;0m▀[38;2;0;0;0m[48;2;0;0;0m▀[38;2;0;0;0m[48;2;0;0;0m▀[38;2;0;0;0m[48;2;0;0;0m▀[38;2;88;38;3m[48;2;88;38;3m▀[38;2;88;38;3m[48;2;88;38;3m▀[38;2;88;38;3m[48;2;88;38;3m▀[38;2;88;38;3m[48;2;88;38;3m▀[38;2;88;38;3m[48;2;88;38;3m▀[38;2;88;38;3m[48;2;88;38;3m▀[38;2;88;38;3m[48;2;88;38;3m▀[38;2;88;38;3m[48;2;88;38;3m▀[38;2;88;38;3m[48;2;88;38;3m▀[38;2;88;38;3m[48;2;88;38;3m▀[38;2;88;38;3m[48;2;88;38;3m▀[38;2;88;38;3m[48;2;88;38;3m▀[38;2;88;38;3m[48;2;88;38;3m▀[38;2;0;0;0m[48;2;0;0;0m▀[38;2;0;0;0m[48;2;0;0;0m▀[38;2;0;0;0m[48;2;0;0;0m▀[38;2;0;0;0m[48;2;0;0;0m▀[38;2;0;0;0m[48;2;0;0;0m▀[38;2;0;0;0m[48;2;0;0;0m▀[38;2;0;0;0m[48;2;0;0;0m▀[38;2;0;0;0m[48;2;0;0;0m▀[38;2;0;0;0m[48;2;0;0;0m▀[0m
[38;2;0;0;0m[48;2;0;0;0m▀[38;2;0;0;0m[48;2;0;0;0m▀[38;2;0;0;0m[48;2;0;0;0m▀[38;2;154;75;11m[48;2;0;0;0m▀[38;2;154;75;11m[48;2;0;0;0m▀[38;2;154;75;11m[48;2;0;0;0m▀[38;2;154;75;11m[48;2;2;163;195m▀[38;2;154;75;11m[48;2;2;163;195m▀[38;2;154;75;11m[48;2;2;163;195m▀[38;2;154;75;11m[48;2;2;163;195m▀[38;2;154;75;11m[48;2;2;163;195m▀[38;2;154;75;11m[48;2;2;163;195m▀[38;2;154;75;11m[48;2;2;163;195m▀[38;2;154;75;11m[48;2;2;163;195m▀[38;2;154;75;11m[48;2;2;163;195m▀[38;2;154;75;11m[48;2;2;163;195m▀[38;2;154;75;11m[48;2;2;163;195m▀[38;2;154;75;11m[48;2;2;163;195m▀[38;2;154;75;11m[48;2;2;163;195m▀[38;2;154;75;11m[48;2;0;0;0m▀[38;2;154;75;11m[48;2;0;0;0m▀[38;2;154;75;11m[48;2;0;0;0m▀[38;2;0;0;0m[48;2;0;0;0m▀[38;2;0;0;0m[48;2;0;0;0m▀[38;2;0;0;0m[48;2;0;0;0m▀[38;2;0;0;0m[48;2;0;0;0m▀[38;2;0;0;0m[48;2;0;0;0m▀[38;2;0;0;0m[48;2;0;0;0m▀[0m
[38;2;0;0;0m[48;2;0;0;0m▀[38;2;0;0;0m[48;2;0;0;0m▀[38;2;0;0;0m[48;2;0;0;0m▀[38;2;0;0;0m[48;2;0;0;0m▀[38;2;0;0;0m[48;2;0;0;0m▀[38;2;0;0;0m[48;2;0;0;0m▀[38;2;2;163;195m[48;2;2;163;195m▀[38;2;2;163;195m[48;2;2;163;195m▀[38;2;0;0;0m[48;2;0;0;0m▀[38;2;0;0;0m[48;2;0;0;0m▀[38;2;0;0;0m[48;2;0;0;0m▀[38;2;2;163;195m[48;2;2;163;195m▀[38;2;2;163;195m[48;2;2;163;195m▀[38;2;2;163;195m[48;2;2;163;195m▀[38;2;0;0;0m[48;2;0;0;0m▀[38;2;0;0;0m[48;2;0;0;0m▀[38;2;0;0;0m[48;2;0;0;0m▀[38;2;2;163;195m[48;2;2;163;195m▀[38;2;2;163;195m[48;2;2;163;195m▀[38;2;0;0;0m[48;2;0;0;0m▀[38;2;0;0;0m[48;2;0;0;0m▀[38;2;0;0;0m[48;2;0;0;0m▀[38;2;0;0;0m[48;2;0;0;0m▀[38;2;0;0;0m[48;2;0;0;0m▀[38;2;0;0;0m[48;2;0;0;0m▀[38;2;0;0;0m[48;2;0;0;0m▀[38;2;0;0;0m[48;2;0;0;0m▀[38;2;0;0;0m[48;2;0;0;0m▀[0m
[38;2;0;0;0m[48;2;0;0;0m▀[38;2;0;0;0m[48;2;0;0;0m▀[38;2;0;0;0m[48;2;0;0;0m▀[38;2;0;0;0m[48;2;0;0;0m▀[38;2;0;0;0m[48;2;0;0;0m▀[38;2;0;0;0m[48;2;0;0;0m▀[38;2;2;163;195m[48;2;2;163;195m▀[38;2;2;163;195m[48;2;2;163;195m▀[38;2;0;0;0m[48;2;2;163;195m▀[38;2;0;0;0m[48;2;2;163;195m▀[38;2;0;0;0m[48;2;2;163;195m▀[38;2;2;163;195m[48;2;2;163;195m▀[38;2;2;163;195m[48;2;2;163;195m▀[38;2;2;163;195m[48;2;2;163;195m▀[38;2;0;0;0m[48;2;2;163;195m▀[38;2;0;0;0m[48;2;2;163;195m▀[38;2;0;0;0m[48;2;2;163;195m▀[38;2;2;163;195m[48;2;2;163;195m▀[38;2;2;163;195m[48;2;2;163;195m▀[38;2;0;0;0m[48;2;0;0;0m▀[38;2;0;0;0m[48;2;0;0;0m▀[38;2;0;0;0m[48;2;0;0;0m▀[38;2;0;0;0m[48;2;0;0;0m▀[38;2;0;0;0m[48;2;0;0;0m▀[38;2;0;0;0m[48;2;0;0;0m▀[38;2;0;0;0m[48;2;0;0;0m▀[38;2;0;0;0m[48;2;0;0;0m▀[38;2;0;0;0m[48;2;0;0;0m▀[0m
[38;2;0;0;0m[48;2;0;0;0m▀[38;2;0;0;0m[48;2;0;0;0m▀[38;2;0;0;0m[48;2;0;0;0m▀[38;2;0;0;0m[48;2;0;0;0m▀[38;2;253;170;3m[48;2;253;170;3m▀[38;2;253;170;3m[48;2;253;170;3m▀[38;2;253;170;3m[48;2;253;170;3m▀[38;2;253;170;3m[48;2;253;170;3m▀[38;2;253;170;3m[48;2;253;170;3m▀[38;2;253;170;3m[48;2;253;170;3m▀[38;2;253;170;3m[48;2;253;170;3m▀[38;2;253;170;3m[48;2;253;170;3m▀[38;2;253;170;3m[48;2;253;170;3m▀[38;2;253;170;3m[48;2;253;170;3m▀[38;2;253;170;3m[48;2;253;170;3m▀[38;2;2;163;195m[48;2;2;163;195m▀[38;2;2;163;195m[48;2;2;163;195m▀[38;2;2;163;195m[48;2;2;163;195m▀[38;2;2;163;195m[48;2;2;163;195m▀[38;2;0;0;0m[48;2;0;0;0m▀[38;2;0;0;0m[48;2;0;0;0m▀[38;2;0;0;0m[48;2;0;0;0m▀[38;2;0;0;0m[48;2;0;0;0m▀[38;2;0;0;0m[48;2;0;0;0m▀[38;2;0;0;0m[48;2;0;0;0m▀[38;2;0;0;0m[48;2;0;0;0m▀[38;2;0;0;0m[48;2;0;0;0m▀[38;2;0;0;0m[48;2;0;0;0m▀[0m
[38;2;0;0;0m[48;2;0;0;0m▀[38;2;0;0;0m[48;2;0;0;0m▀[38;2;0;0;0m[48;2;0;0;0m▀[38;2;0;0;0m[48;2;0;0;0m▀[38;2;253;170;3m[48;2;0;0;0m▀[38;2;253;170;3m[48;2;0;0;0m▀[38;2;253;170;3m[48;2;2;163;195m▀[38;2;253;170;3m[48;2;2;163;195m▀[38;2;253;170;3m[48;2;2;163;195m▀[38;2;253;170;3m[48;2;2;163;195m▀[38;2;253;170;3m[48;2;2;163;195m▀[38;2;253;170;3m[48;2;2;163;195m▀[38;2;253;170;3m[48;2;2;163;195m▀[38;2;253;170;3m[48;2;2;163;195m▀[38;2;253;170;3m[48;2;2;163;195m▀[38;2;2;163;195m[48;2;2;163;195m▀[38;2;2;163;195m[48;2;2;163;195m▀[38;2;2;163;195m[48;2;2;163;195m▀[38;2;2;163;195m[48;2;2;163;195m▀[38;2;0;0;0m[48;2;0;0;0m▀[38;2;0;0;0m[48;2;0;0;0m▀[38;2;0;0;0m[48;2;0;0;0m▀[38;2;0;0;0m[48;2;0;0;0m▀[38;2;0;0;0m[48;2;0;0;0m▀[38;2;0;0;0m[48;2;0;0;0m▀[38;2;0;0;0m[48;2;0;0;0m▀[38;2;0;0;0m[48;2;0;0;0m▀[38;2;0;0;0m[48;2;0;0;0m▀[0m
[38;2;0;0;0m[48;2;0;0;0m▀[38;2;0;0;0m[48;2;0;0;0m▀[38;2;0;0;0m[48;2;0;0;0m▀[38;2;0;0;0m[48;2;0;0;0m▀[38;2;0;0;0m[48;2;0;0;0m▀[38;2;0;0;0m[48;2;0;0;0m▀[38;2;2;163;195m[48;2;2;163;195m▀[38;2;2;163;195m[48;2;2;163;195m▀[38;2;2;163;195m[48;2;2;163;195m▀[38;2;2;163;195m[48;2;2;163;195m▀[38;2;2;163;195m[48;2;2;163;195m▀[38;2;2;163;195m[48;2;2;163;195m▀[38;2;2;163;195m[48;2;2;163;195m▀[38;2;2;163;195m[48;2;2;163;195m▀[38;2;2;163;195m[48;2;2;163;195m▀[38;2;2;163;195m[48;2;2;163;195m▀[38;2;2;163;195m[48;2;2;163;195m▀[38;2;2;163;195m[48;2;2;163;195m▀[38;2;2;163;195m[48;2;2;163;195m▀[38;2;253;170;3m[48;2;253;170;3m▀[38;2;253;170;3m[48;2;253;170;3m▀[38;2;253;170;3m[48;2;253;170;3m▀[38;2;253;170;3m[48;2;253;170;3m▀[38;2;253;170;3m[48;2;253;170;3m▀[38;2;253;170;3m[48;2;253;170;3m▀[38;2;0;0;0m[48;2;0;0;0m▀[38;2;0;0;0m[48;2;0;0;0m▀[38;2;0;0;0m[48;2;0;0;0m▀[0m
[38;2;0;0;0m[48;2;0;0;0m▀[38;2;0;0;0m[48;2;0;0;0m▀[38;2;0;0;0m[48;2;0;0;0m▀[38;2;0;0;0m[48;2;0;0;0m▀[38;2;0;0;0m[48;2;0;0;0m▀[38;2;0;0;0m[48;2;0;0;0m▀[38;2;2;163;195m[48;2;2;163;195m▀[38;2;2;163;195m[48;2;2;163;195m▀[38;2;2;163;195m[48;2;2;163;195m▀[38;2;2;163;195m[48;2;2;163;195m▀[38;2;2;163;195m[48;2;2;163;195m▀[38;2;2;163;195m[48;2;2;163;195m▀[38;2;2;163;195m[48;2;2;163;195m▀[38;2;2;163;195m[48;2;2;163;195m▀[38;2;2;163;195m[48;2;2;163;195m▀[38;2;2;163;195m[48;2;2;163;195m▀[38;2;2;163;195m[48;2;2;163;195m▀[38;2;2;163;195m[48;2;2;163;195m▀[38;2;2;163;195m[48;2;2;163;195m▀[38;2;253;170;3m[48;2;0;0;0m▀[38;2;253;170;3m[48;2;0;0;0m▀[38;2;253;170;3m[48;2;0;0;0m▀[38;2;253;170;3m[48;2;0;0;0m▀[38;2;253;170;3m[48;2;0;0;0m▀[38;2;253;170;3m[48;2;0;0;0m▀[38;2;0;0;0m[48;2;0;0;0m▀[38;2;0;0;0m[48;2;0;0;0m▀[38;2;0;0;0m[48;2;0;0;0m▀[0m
[38;2;0;0;0m[48;2;0;0;0m▀[38;2;0;0;0m[48;2;0;0;0m▀[38;2;0;0;0m[48;2;0;0;0m▀[38;2;0;0;0m[48;2;0;0;0m▀[38;2;0;0;0m[48;2;0;0;0m▀[38;2;0;0;0m[48;2;0;0;0m▀[38;2;2;163;195m[48;2;2;163;195m▀[38;2;2;163;195m[48;2;2;163;195m▀[38;2;1;109;143m[48;2;1;109;143m▀[38;2;1;109;143m[48;2;1;109;143m▀[38;2;0;0;0m[48;2;0;0;0m▀[38;2;0;0;0m[48;2;0;0;0m▀[38;2;0;0;0m[48;2;0;0;0m▀[38;2;0;0;0m[48;2;0;0;0m▀[38;2;0;0;0m[48;2;0;0;0m▀[38;2;1;109;143m[48;2;1;109;143m▀[38;2;2;163;195m[48;2;2;163;195m▀[38;2;2;163;195m[48;2;2;163;195m▀[38;2;2;163;195m[48;2;2;163;195m▀[38;2;0;0;0m[48;2;0;0;0m▀[38;2;0;0;0m[48;2;0;0;0m▀[38;2;0;0;0m[48;2;0;0;0m▀[38;2;0;0;0m[48;2;0;0;0m▀[38;2;0;0;0m[48;2;0;0;0m▀[38;2;0;0;0m[48;2;0;0;0m▀[38;2;0;0;0m[48;2;0;0;0m▀[38;2;0;0;0m[48;2;0;0;0m▀[38;2;0;0;0m[48;2;0;0;0m▀[0m
